8.7987411368
-1.6243337015
-13.676530963
8.9365384539
13.0025791926
-17.5368105372
10.7023156834
14.3228615349
9.132899202
16.1115067771
19.6984946137
2.7250346877
10.2763130907
-4.4919056415
-14.3766447716
1.2680797236
-1.7764239362
4.8858150799
-0.3768020566
-9.9858553977
-5.8634781659
16.2268244429
-12.9750810973
-8.4652316174
14.7169910436
2.9003834213
4.3865191307
25.1405036464
4.5234377017
-4.3461579671
-2.9593963987
3.1997478302
-12.6871256393
1.7892735227
-3.3111723911
-3.348551599
4.7918436888
-5.6261048564
4.1487780349
6.7681501796
-12.4379197716
-3.9253790457
-1.5904265595
-2.6534811535
-16.9733045069
12.2424152685
-5.0536620503
-18.3779503123
-0.4305228302
4.7849466026
4.448983889
-5.8870910507
5.3569961177
-11.9449531395
-4.5373907322
9.2506501464
3.3824543571
2.6191059852
12.1700292154
-29.4357570766
8.2519599051
-8.583485397
6.018076037
-6.2018521062
-4.0141303606
-0.8537079954
6.8667308391
-0.0301763931
-19.4734210458
13.500582603
-26.7482482173
-8.5470155273
-13.2125549536
-3.2830332639
10.3818919592
2.3320049824
-19.4801892895
13.1848664473
-7.719258866
-2.34604861
7.8672722262
4.2079116828
-2.1301447333
8.7808675282
14.8707236808
7.3735612568
-18.1370493607
3.9065264692
-15.387186432
-4.1604009415
-15.8942659233
-12.2967834095
-7.9898020912
-19.6358905155
-9.816225694
-16.0902739519
-15.8808721255
-0.5524651009
-0.8193685249
0.1612524752
